0836
GBRV
02051
2340
A
0023
5
00

0831
GBRV
02051
2344
A
0023
5
00

0374
GBRV
02051
2345
A
0023
5
00

0860
GBRC
03600
2342
B
0323
6
00

0850
GBRC
03600
2346
B
0323
6
00

0088
IREE
04099
2720
A
0023
5
00

0057
HKGC
00063
4540
A
0023
6
00

0090
HKGP
11082
4542
B
1996
6
00

4544
HKGH
01140
4544
B
0323
6
00

0755-90
CHNC
07217
4602-55
A
0023
6
05

0755-90
CHNS
07221
4607-55
A
0023
6
05

4240
DBXD
14465
4240
A
0023
6
00

4550
MACM
29820
4550
B
0323
6
05

0337
ITAA
25541
2222
A
0023
6
00

8524
HKGA
00013
8524
A
0333
6
15

4660
TAIP
13504
4660
B
0334
6
10

4660
TAIN
13506
4660
B
0334
6
10

4660
TAIK
13508
4660
B
0334
6
10

6682
THAB
08197
6682
A
0333
6
00

6683
THAB
08197
6683
A
0333
6
00

5258
SING
12561
5258
A
0333
6
10

0112
KRAS
04369
0112
A
0333
5
00

0000
****
00000
0000
*
0000
0
00
*
